operaciones: +20, +55, +36, +45, +50, -39, -29.
Técnica de resolución de colisiones: Saturación progresiva.
f(x) = x MOD 19
Dirección Clave
    0       19
    1       39
    2       59
    3       
    4       23
    5       
    6       
    7       64
    8       
    9       47
    10      29
    11      
    12      69
    13      
    14      
    15      34
    16      
    17      
    18      56
--------------------------------------------------------------------------------
+20
f(20)=1
L1,L2,L3,E3
Dirección Clave
    0       19
    1       39
    2       59
    3       /20
    4       23
    5       
    6       
    7       64
    8       
    9       47
    10      29
    11      
    12      69
    13      
    14      
    15      34
    16      
    17      
    18      56
-------------------------------------------------------------------------------- 
+55 
f(55)=17
L17, E17
Dirección Clave
    0       19
    1       39
    2       59
    3       /20
    4       23
    5       
    6       
    7       64
    8       
    9       47
    10      29
    11      
    12      69
    13      
    14      
    15      34
    16      
    17      55
    18      56
--------------------------------------------------------------------------------
+36
f(36)
L17,L18,L0,L1,L2,L3,L4,L5,E5
Dirección Clave
    0       19
    1       39
    2       59
    3       /20
    4       23
    5       /36
    6       
    7       64
    8       
    9       47
    10      29
    11      
    12      69
    13      
    14      
    15      34
    16      
    17      55
    18      56
--------------------------------------------------------------------------------
+45
f(45) = 7
L7,L8,E8
Dirección Clave
    0       19
    1       39
    2       59
    3       /20
    4       23
    5       /36
    6       
    7       64
    8       /45
    9       47
    10      29
    11      
    12      69
    13      
    14      
    15      34
    16      
    17      55
    18      56
--------------------------------------------------------------------------------
+50 
f(50)=12
L12,L13,E13
Dirección Clave
    0       19
    1       39
    2       59
    3       /20
    4       23
    5       /36
    6       
    7       64
    8       /45
    9       47
    10      29
    11      
    12      69
    13      /50
    14      
    15      34
    16      
    17      55
    18      56
--------------------------------------------------------------------------------
-39 
f(39) = 1
L1,L2,E1
Dirección Clave
    0       19
    1       ###
    2       59
    3       /20
    4       23
    5       /36
    6       
    7       64
    8       /45
    9       47
    10      29
    11      
    12      69
    13      /50
    14      
    15      34
    16      
    17      55
    18      56
--------------------------------------------------------------------------------
-29
f(29)=10
L10,L11,E10
Dirección Clave
    0       19
    1       ###
    2       59
    3       /20
    4       23
    5       /36
    6       
    7       64
    8       /45
    9       47
    10      
    11      
    12      69
    13      /50
    14      
    15      34
    16      
    17      55
    18      56
--------------------------------------------------------------------------------
DE: 13 / 19 = 0,6842 = 68,42%