Arbol B+ - Orden: 6 - Overflow: izquierda
Operaciones
+52, +23, +10, +99, +63, +74, +19, +85, +14, +73, +5, +7, +41, +100, +130, +44, -63, -73, +15, +16, -74, -52.
--------------------------------------------------
(+52)
(+23)
(+10)
(+99)
(+63)
_0:(10)(23)(52)(63)(99)
--------------------------------------------------
(+74)
Overflow nodo 0
_0:(10)(23)(52)
_1:(63)(74)(99)
	  _2:0(63)1
_0:(10)(23)(52) _1:(63)(74)(99)
--------------------------------------------------
(+19)
	  _2:0(63)1
_0:(10)(19)(23)(52) _1:(63)(74)(99)
--------------------------------------------------
(+85)
	  _2:0(63)1
_0:(10)(19)(23)(52) _1:(63)(74)(85)(99)

--------------------------------------------------
(+14)
	  _2:0(63)1
_0:(10)(14)(19)(23)(52) _1:(63)(74)(85)(99)

--------------------------------------------------
(+73)
	  _2:0(63)1
_0:(10)(14)(19)(23)(52) _1:(63)(73)(74)(85)(99)

--------------------------------------------------
(+5)
Overflow nodo _0
_0:(5)(10)(14)
_3:(19)(23)(52)
	  _2:0(19)3(63)1
_0:(5)(10)(14)3 _3:(19)(23)(52)1 _1:(63)(73)(74)(85)(99)

--------------------------------------------------
(+7)
	  _2:0(19)3(63)1
_0:(5)(7)(10)(14)3 _3:(19)(23)(52)1 _1:(63)(73)(74)(85)(99)

--------------------------------------------------
(+41)
	  _2:0(19)3(63)1
_0:(5)(7)(10)(14)3 _3:(19)(23)(41)(52)1 _1:(63)(73)(74)(85)(99)

--------------------------------------------------
(+100)
Overflow nodo _1
_1:(63)(73)(74)
_4:(85)(99)(100)
		  _2:0(19)3(63)1(85)4
_0:(5)(7)(10)(14)3 _3:(19)(23)(41)(52)1 _1:(63)(73)(74) _4:(85)(99)(100)

--------------------------------------------------
(+130)
		  _2:0(19)3(63)1(85)4
_0:(5)(7)(10)(14)3 _3:(19)(23)(41)(52)1 _1:(63)(73)(74) _4:(85)(99)(100)(130)

--------------------------------------------------
(+44)
		  _2:0(19)3(63)1(85)4
_0:(5)(7)(10)(14)3 _3:(19)(23)(41)(44)(52)1 _1:(63)(73)(74) _4:(85)(99)(100)(130)

--------------------------------------------------
(-63)
		  _2:0(19)3(63)1(85)4
_0:(5)(7)(10)(14)3 _3:(19)(23)(41)(44)(52)1 _1:(73)(74) _4:(85)(99)(100)(130)

--------------------------------------------------
(-73)
Underflow nodo _1
Redistribuir con nodo hermano  izquierdo _3
_3:(19)(23)(41)
_1:(44)(52)(74)
		  _2:0(19)3(44)1(85)4
_0:(5)(7)(10)(14)3 _3:(19)(23)(41)1 _1:(44)(52)(74)4 _4:(85)(99)(100)(130)

--------------------------------------------------
(+15)
		  _2:0(19)3(44)1(85)4
_0:(5)(7)(10)(14)(15)3 _3:(19)(23)(41)1 _1:(44)(52)(74)4 _4:(85)(99)(100)(130)

--------------------------------------------------
(+16)
Overflow nodo _0
_0:(5)(7)(10)5
_5:(14)(15)(16)3
		  _2:0(14)5(19)3(44)1(85)4
_0:(5)(7)(10)5 _5:(14)(15)(16)3 _3:(19)(23)(41)1 _1:(44)(52)(74)4 _4:(85)(99)(100)(130)

--------------------------------------------------
(-74)
		  _2:0(14)5(19)3(44)1(85)4
_0:(5)(7)(10)5 _5:(14)(15)(16)3 _3:(19)(23)(41)1 _1:(44)(52)4 _4:(85)(99)(100)(130)

--------------------------------------------------
(-52)
Underflow nodo _1, redistribuye con nodo _3
_3:(19)(23)1 
_1:(41)(44)4
		  _2:0(14)5(19)3(44)1(85)4
_0:(5)(7)(10)5 _5:(14)(15)(16)3 _3:(19)(23)1 _1:(41)(44)4 _4:(85)(99)(100)(130)
